x rho u p
6.242197253433e-04 1.000000000000e+04 0.000000000000e+00 1.000000000000e+04
1.872659176030e-03 1.000000000000e+04 0.000000000000e+00 1.000000000000e+04
3.121098626717e-03 1.000000000000e+04 0.000000000000e+00 1.000000000000e+04
4.369538077403e-03 1.000000000000e+04 0.000000000000e+00 1.000000000000e+04
5.617977528090e-03 1.000000000000e+04 0.000000000000e+00 1.000000000000e+04
6.866416978777e-03 1.000000000000e+04 0.000000000000e+00 1.000000000000e+04
8.114856429463e-03 1.000000000000e+04 0.000000000000e+00 1.000000000000e+04
9.363295880150e-03 1.000000000000e+04 0.000000000000e+00 1.000000000000e+04
1.061173533084e-02 1.000000000000e+04 0.000000000000e+00 1.000000000000e+04
1.186017478152e-02 1.000000000000e+04 0.000000000000e+00 1.000000000000e+04
1.310861423221e-02 1.000000000000e+04 0.000000000000e+00 1.000000000000e+04
1.435705368290e-02 1.000000000000e+04 0.000000000000e+00 1.000000000000e+04
1.560549313358e-02 1.000000000000e+04 0.000000000000e+00 1.000000000000e+04
1.685393258427e-02 1.000000000000e+04 0.000000000000e+00 1.000000000000e+04
1.810237203496e-02 1.000000000000e+04 0.000000000000e+00 1.000000000000e+04
1.935081148564e-02 1.000000000000e+04 0.000000000000e+00 1.000000000000e+04
2.059925093633e-02 1.000000000000e+04 0.000000000000e+00 1.000000000000e+04
2.184769038702e-02 1.000000000000e+04 0.000000000000e+00 1.000000000000e+04
2.309612983770e-02 1.000000000000e+04 0.000000000000e+00 1.000000000000e+04
2.434456928839e-02 1.000000000000e+04 0.000000000000e+00 1.000000000000e+04
2.559300873908e-02 1.000000000000e+04 0.000000000000e+00 1.000000000000e+04
2.684144818976e-02 1.000000000000e+04 0.000000000000e+00 1.000000000000e+04
2.808988764045e-02 1.000000000000e+04 0.000000000000e+00 1.000000000000e+04
2.933832709114e-02 1.000000000000e+04 0.000000000000e+00 1.000000000000e+04
3.058676654182e-02 1.000000000000e+04 0.000000000000e+00 1.000000000000e+04
3.183520599251e-02 1.000000000000e+04 0.000000000000e+00 1.000000000000e+04
3.308364544320e-02 1.000000000000e+04 0.000000000000e+00 1.000000000000e+04
3.433208489388e-02 1.000000000000e+04 0.000000000000e+00 1.000000000000e+04
3.558052434457e-02 1.000000000000e+04 0.000000000000e+00 1.000000000000e+04
3.682896379526e-02 1.000000000000e+04 0.000000000000e+00 1.000000000000e+04
3.807740324594e-02 1.000000000000e+04 0.000000000000e+00 1.000000000000e+04
3.932584269663e-02 1.000000000000e+04 0.000000000000e+00 1.000000000000e+04
4.057428214732e-02 1.000000000000e+04 0.000000000000e+00 1.000000000000e+04
4.182272159800e-02 1.000000000000e+04 0.000000000000e+00 1.000000000000e+04
4.307116104869e-02 1.000000000000e+04 0.000000000000e+00 1.000000000000e+04
4.431960049938e-02 1.000000000000e+04 0.000000000000e+00 1.000000000000e+04
4.556803995006e-02 1.000000000000e+04 0.000000000000e+00 1.000000000000e+04
4.681647940075e-02 1.000000000000e+04 0.000000000000e+00 1.000000000000e+04
4.806491885144e-02 1.000000000000e+04 0.000000000000e+00 1.000000000000e+04
4.931335830212e-02 1.000000000000e+04 0.000000000000e+00 1.000000000000e+04
5.056179775281e-02 1.000000000000e+04 0.000000000000e+00 1.000000000000e+04
5.181023720350e-02 1.000000000000e+04 0.000000000000e+00 1.000000000000e+04
5.305867665418e-02 1.000000000000e+04 0.000000000000e+00 1.000000000000e+04
5.430711610487e-02 1.000000000000e+04 6.684019218558e-18 1.000000000000e+04
5.555555555556e-02 1.000000000000e+04 -1.192031400648e-17 1.000000000000e+04
5.680399500624e-02 1.000000000000e+04 4.974841987467e-17 1.000000000000e+04
5.805243445693e-02 1.000000000000e+04 8.916784571698e-17 1.000000000000e+04
5.930087390762e-02 1.000000000000e+04 -2.662812879738e-16 1.000000000000e+04
6.054931335830e-02 1.000000000000e+04 2.844479692043e-16 1.000000000000e+04
6.179775280899e-02 1.000000000000e+04 3.143616307689e-15 1.000000000000e+04
6.304619225968e-02 1.000000000000e+04 7.628713797459e-15 1.000000000000e+04
6.429463171036e-02 1.000000000000e+04 1.258563783394e-14 1.000000000000e+04
6.554307116105e-02 1.000000000000e+04 1.725143871334e-14 1.000000000000e+04
6.679151061174e-02 1.000000000000e+04 2.114954859086e-14 1.000000000000e+04
6.803995006242e-02 1.000000000000e+04 2.447338899291e-14 1.000000000000e+04
6.928838951311e-02 1.000000000000e+04 2.774852479543e-14 1.000000000000e+04
7.053682896380e-02 1.000000000000e+04 3.111421713070e-14 9.999999999999e+03
7.178526841448e-02 1.000000000000e+04 3.461717954460e-14 9.999999999999e+03
7.303370786517e-02 1.000000000000e+04 3.812651173054e-14 9.999999999999e+03
7.428214731586e-02 1.000000000000e+04 4.154981688090e-14 9.999999999999e+03
7.553058676654e-02 1.000000000000e+04 4.485982763566e-14 9.999999999999e+03
7.677902621723e-02 1.000000000000e+04 4.812965875871e-14 9.999999999999e+03
7.802746566792e-02 1.000000000000e+04 5.146104779918e-14 9.999999999999e+03
7.927590511860e-02 1.000000000000e+04 5.482866866878e-14 9.999999999999e+03
8.052434456929e-02 1.000000000000e+04 5.829918668038e-14 9.999999999999e+03
8.177278401998e-02 1.000000000000e+04 6.177363312894e-14 9.999999999999e+03
8.302122347066e-02 1.000000000000e+04 6.590944029355e-14 9.999999999999e+03
8.426966292135e-02 1.000000000000e+04 7.314590778617e-14 9.999999999999e+03
8.551810237203e-02 1.000000000000e+04 8.336722831560e-14 9.999999999999e+03
8.676654182272e-02 1.000000000000e+04 9.432356932213e-14 9.999999999999e+03
8.801498127341e-02 9.999999999999e+03 1.055067327410e-13 9.999999999998e+03
8.926342072409e-02 9.999999999999e+03 1.174887313908e-13 9.999999999998e+03
9.051186017478e-02 9.999999999999e+03 1.294008184819e-13 9.999999999998e+03
9.176029962547e-02 9.999999999999e+03 1.401843883915e-13 9.999999999998e+03
9.300873907615e-02 9.999999999999e+03 1.512591520647e-13 9.999999999998e+03
9.425717852684e-02 9.999999999999e+03 1.630336134852e-13 9.999999999997e+03
9.550561797753e-02 9.999999999999e+03 1.741734341491e-13 9.999999999997e+03
9.675405742821e-02 9.999999999999e+03 1.849450093191e-13 9.999999999997e+03
9.800249687890e-02 9.999999999999e+03 1.965863251708e-13 9.999999999997e+03
9.925093632959e-02 9.999999999998e+03 2.085009816675e-13 9.999999999997e+03
1.004993757803e-01 9.999999999998e+03 2.250299893755e-13 9.999999999997e+03
1.017478152310e-01 9.999999999998e+03 2.619630969164e-13 9.999999999996e+03
1.029962546816e-01 9.999999999997e+03 3.552480682605e-13 9.999999999995e+03
1.042446941323e-01 9.999999999995e+03 5.801170507656e-13 9.999999999992e+03
1.054931335830e-01 9.999999999991e+03 1.103108959953e-12 9.999999999986e+03
1.067415730337e-01 9.999999999981e+03 2.302144314904e-12 9.999999999972e+03
1.079900124844e-01 9.999999999958e+03 5.017944995733e-12 9.999999999940e+03
1.092384519351e-01 9.999999999906e+03 1.111184233974e-11 9.999999999868e+03
1.104868913858e-01 9.999999999792e+03 2.467988417682e-11 9.999999999707e+03
1.117353308365e-01 9.999999999538e+03 5.469640951827e-11 9.999999999352e+03
1.129837702871e-01 9.999999998980e+03 1.207450644940e-10 9.999999998571e+03
1.142322097378e-01 9.999999997758e+03 2.653317850698e-10 9.999999996860e+03
1.154806491885e-01 9.999999995097e+03 5.801796630600e-10 9.999999993134e+03
1.167290886392e-01 9.999999989334e+03 1.262061957127e-09 9.999999985066e+03
1.179775280899e-01 9.999999976923e+03 2.730500980251e-09 9.999999967691e+03
1.192259675406e-01 9.999999950354e+03 5.874207928656e-09 9.999999930495e+03
1.204744069913e-01 9.999999893802e+03 1.256555839553e-08 9.999999851321e+03
1.217228464419e-01 9.999999774098e+03 2.672908622341e-08 9.999999683736e+03
1.229712858926e-01 9.999999522421e+03 5.650788531716e-08 9.999999331389e+03
1.242197253433e-01 9.999998998316e+03 1.185208084563e-07 9.999998597642e+03
1.254681647940e-01 9.999997916951e+03 2.464696276203e-07 9.999997083731e+03
1.267166042447e-01 9.999995688752e+03 5.101136953840e-07 9.999993964254e+03
1.279650436954e-01 9.999991072838e+03 1.056275882568e-06 9.999987501980e+03
1.292134831461e-01 9.999981623353e+03 2.174353492841e-06 9.999974272727e+03
1.304619225968e-01 9.999963041248e+03 4.373016424861e-06 9.999948257873e+03
1.317103620474e-01 9.999927591633e+03 8.567465947893e-06 9.999898628767e+03
1.329588014981e-01 9.999858746271e+03 1.671333752006e-05 9.999802246608e+03
1.342072409488e-01 9.999712887771e+03 3.397150674881e-05 9.999598049889e+03
1.354556803995e-01 9.999383489442e+03 7.294683286176e-05 9.999136911259e+03
1.367041198502e-01 9.998762144170e+03 1.464684362559e-04 9.998267085515e+03
1.379525593009e-01 9.997798227929e+03 2.605307781485e-04 9.996917751578e+03
1.392009987516e-01 9.996388588708e+03 4.273449364742e-04 9.994944642450e+03
1.404494382022e-01 9.994151240183e+03 6.921204252825e-04 9.991813463344e+03
1.416978776529e-01 9.989983554009e+03 1.185397809687e-03 9.985982185532e+03
1.429463171036e-01 9.981217775507e+03 2.223418227168e-03 9.973720764613e+03
1.441947565543e-01 9.964718720444e+03 4.179395554354e-03 9.950651134718e+03
1.454431960050e-01 9.938970641599e+03 7.237109962582e-03 9.914679099460e+03
1.466916354557e-01 9.904128691259e+03 1.138549168195e-02 9.866055846243e+03
1.479400749064e-01 9.861395683457e+03 1.649006617140e-02 9.806507383792e+03
1.491885143571e-01 9.812415510511e+03 2.236284472375e-02 9.738378997575e+03
1.504369538077e-01 9.758823541586e+03 2.881522900594e-02 9.663994229897e+03
1.516853932584e-01 9.701993958657e+03 3.568819787408e-02 9.585296424710e+03
1.529338327091e-01 9.642960798974e+03 4.286174653441e-02 9.503743126401e+03
1.541822721598e-01 9.582449055569e+03 5.025149331125e-02 9.420354496718e+03
1.554307116105e-01 9.520949711142e+03 5.780018734736e-02 9.335820535496e+03
1.566791510612e-01 9.458794816591e+03 6.546907913848e-02 9.250607173211e+03
1.579275905119e-01 9.396214545705e+03 7.323128910805e-02 9.165036655043e+03
1.591760299625e-01 9.333374582015e+03 8.106743528071e-02 9.079340150897e+03
1.604244694132e-01 9.270398680233e+03 8.896299069708e-02 8.993689512621e+03
1.616729088639e-01 9.207381950921e+03 9.690673201266e-02 8.908216005539e+03
1.629213483146e-01 9.144398932876e+03 1.048898023378e-01 8.823021720094e+03
1.641697877653e-01 9.081508843177e+03 1.129051050490e-01 8.738187011747e+03
1.654182272160e-01 9.018759236976e+03 1.209468823480e-01 8.653775693904e+03
1.666666666667e-01 8.956188679087e+03 1.290104076555e-01 8.569838829221e+03
1.679151061174e-01 8.893828737351e+03 1.370917558726e-01 8.486417557539e+03
1.691635455680e-01 8.831705483000e+03 1.451876303120e-01 8.403545223864e+03
1.704119850187e-01 8.769840625937e+03 1.532952317124e-01 8.321248988545e+03
1.716604244694e-01 8.708252379250e+03 1.614121585305e-01 8.239551053790e+03
1.729088639201e-01 8.646956122996e+03 1.695363304562e-01 8.158469605902e+03
1.741573033708e-01 8.585964918506e+03 1.776659292319e-01 8.078019545883e+03
1.754057428215e-01 8.525289910376e+03 1.857993524844e-01 7.998213061064e+03
1.766541822722e-01 8.464940643034e+03 1.939351774655e-01 7.919060075863e+03
1.779026217228e-01 8.404925311533e+03 2.020721324381e-01 7.840568609567e+03
1.791510611735e-01 8.345250961062e+03 2.102090740432e-01 7.762745061687e+03
1.803995006242e-01 8.285923646049e+03 2.183449694018e-01 7.685594440358e+03
1.816479400749e-01 8.226948557080e+03 2.264788820115e-01 7.609120545476e+03
1.828963795256e-01 8.168330121967e+03 2.346099607173e-01 7.533326115587e+03
1.841448189763e-01 8.110072085873e+03 2.427374311981e-01 7.458212945517e+03
1.853932584270e-01 8.052177574373e+03 2.508605895293e-01 7.383781980277e+03
1.866416978777e-01 7.994649142540e+03 2.589787974716e-01 7.310033389627e+03
1.878901373283e-01 7.937488812594e+03 2.670914791979e-01 7.236966626904e+03
1.891385767790e-01 7.880698102182e+03 2.751981192194e-01 7.164580475060e+03
1.903870162297e-01 7.824278045113e+03 2.832982613021e-01 7.092873082430e+03
1.916354556804e-01 7.768229206084e+03 2.913915081880e-01 7.021841990409e+03
1.928838951311e-01 7.712551690817e+03 2.994775219495e-01 6.951484154945e+03
1.941323345818e-01 7.657245152896e+03 3.075560248129e-01 6.881795963619e+03
1.953807740325e-01 7.602308798526e+03 3.156268002890e-01 6.812773249895e+03
1.966292134831e-01 7.547741390351e+03 3.236896944547e-01 6.744411306055e+03
1.978776529338e-01 7.493541251455e+03 3.317446172229e-01 6.676704896200e+03
1.991260923845e-01 7.439706270577e+03 3.397915434455e-01 6.609648270629e+03
2.003745318352e-01 7.386233909523e+03 3.478305136923e-01 6.543235182779e+03
2.016229712859e-01 7.333121213697e+03 3.558616345558e-01 6.477458909783e+03
2.028714107366e-01 7.280364826515e+03 3.638850783412e-01 6.412312277564e+03
2.041198501873e-01 7.227961008382e+03 3.719010820174e-01 6.347787691160e+03
2.053682896380e-01 7.175905660729e+03 3.799099453207e-01 6.283877170793e+03
2.066167290886e-01 7.124194355396e+03 3.879120279345e-01 6.220572393931e+03
2.078651685393e-01 7.072822369458e+03 3.959077456939e-01 6.157864743298e+03
2.091136079900e-01 7.021784725336e+03 4.038975658037e-01 6.095745360553e+03
2.103620474407e-01 6.971076235802e+03 4.118820010933e-01 6.034205205007e+03
2.116104868914e-01 6.920691553233e+03 4.198616033759e-01 5.973235116528e+03
2.128589263421e-01 6.870625222272e+03 4.278369560142e-01 5.912825881479e+03
2.141073657928e-01 6.820871734827e+03 4.358086658361e-01 5.852968300384e+03
2.153558052434e-01 6.771425586228e+03 4.437773545708e-01 5.793653255802e+03
2.166042446941e-01 6.722281331228e+03 4.517436500038e-01 5.734871778864e+03
2.178526841448e-01 6.673433638513e+03 4.597081770640e-01 5.676615112868e+03
2.191011235955e-01 6.624877342402e+03 4.676715490613e-01 5.618874772411e+03
2.203495630462e-01 6.576607490493e+03 4.756343592923e-01 5.561642596667e+03
2.215980024969e-01 6.528619386163e+03 4.835971732159e-01 5.504910795625e+03
2.228464419476e-01 6.480908624999e+03 4.915605213785e-01 5.448671988316e+03
2.240948813983e-01 6.433471124475e+03 4.995248932423e-01 5.392919232402e+03
2.253433208489e-01 6.386303146422e+03 5.074907320296e-01 5.337646044734e+03
2.265917602996e-01 6.339401312095e+03 5.154584306644e-01 5.282846412854e+03
2.278401997503e-01 6.292762609898e+03 5.234283288477e-01 5.228514797653e+03
2.290886392010e-01 6.246384396020e+03 5.314007112699e-01 5.174646127694e+03
2.303370786517e-01 6.200264388475e+03 5.393758069251e-01 5.121235785914e+03
2.315855181024e-01 6.154400655171e+03 5.473537894654e-01 5.068279589576e+03
2.328339575531e-01 6.108791596747e+03 5.553347785039e-01 5.015773764495e+03
2.340823970037e-01 6.063435925028e+03 5.633188417634e-01 4.963714914593e+03
2.353308364544e-01 6.018332637944e+03 5.713059979467e-01 4.912099987889e+03
2.365792759051e-01 5.973480991791e+03 5.792962202071e-01 4.860926239988e+03
2.378277153558e-01 5.928880471670e+03 5.872894400888e-01 4.810191196083e+03
2.390761548065e-01 5.884530760885e+03 5.952855518153e-01 4.759892612392e+03
2.403245942572e-01 5.840431710004e+03 6.032844168100e-01 4.710028437869e+03
2.415730337079e-01 5.796583306216e+03 6.112858683406e-01 4.660596776875e+03
2.428214731586e-01 5.752985643512e+03 6.192897161935e-01 4.611595853410e+03
2.440699126092e-01 5.709638894125e+03 6.272957512962e-01 4.563023977382e+03
2.453183520599e-01 5.666543281587e+03 6.353037502154e-01 4.514879513250e+03
2.465667915106e-01 5.623699055665e+03 6.433134794751e-01 4.467160851323e+03
2.478152309613e-01 5.581106469372e+03 6.513246996481e-01 4.419866381864e+03
2.490636704120e-01 5.538765758170e+03 6.593371691829e-01 4.372994472089e+03
2.503121098627e-01 5.496677121448e+03 6.673506479426e-01 4.326543446092e+03
2.515605493134e-01 5.454840706285e+03 6.753649004329e-01 4.280511567659e+03
2.528089887640e-01 5.413256593494e+03 6.833796987098e-01 4.234897025895e+03
2.540574282147e-01 5.371924785891e+03 6.913948249582e-01 4.189697923576e+03
2.553058676654e-01 5.330845198732e+03 6.994100737393e-01 4.144912268077e+03
2.565543071161e-01 5.290017652234e+03 7.074252539071e-01 4.100537964750e+03
2.578027465668e-01 5.249441866063e+03 7.154401901986e-01 4.056572812588e+03
2.590511860175e-01 5.209117455715e+03 7.234547245023e-01 4.013014502015e+03
2.602996254682e-01 5.169043930642e+03 7.314687168143e-01 3.969860614630e+03
2.615480649189e-01 5.129220694027e+03 7.394820458909e-01 3.927108624743e+03
2.627965043695e-01 5.089647044077e+03 7.474946096086e-01 3.884755902529e+03
2.640449438202e-01 5.050322176701e+03 7.555063250465e-01 3.842799718626e+03
2.652933832709e-01 5.011245189446e+03 7.635171283027e-01 3.801237250009e+03
2.665418227216e-01 4.972415086565e+03 7.715269740641e-01 3.760065586963e+03
2.677902621723e-01 4.933830785058e+03 7.795358349454e-01 3.719281740997e+03
2.690387016230e-01 4.895491121563e+03 7.875437006190e-01 3.678882653504e+03
2.702871410737e-01 4.857394859944e+03 7.955505767555e-01 3.638865205020e+03
2.715355805243e-01 4.819540699429e+03 8.035564838001e-01 3.599226224906e+03
2.727840199750e-01 4.781927283161e+03 8.115614556089e-01 3.559962501274e+03
2.740324594257e-01 4.744553206997e+03 8.195655379706e-01 3.521070791028e+03
2.752808988764e-01 4.707417028429e+03 8.275687870422e-01 3.482547829826e+03
2.765293383271e-01 4.670517275480e+03 8.355712677253e-01 3.444390341856e+03
2.777777777778e-01 4.633852455436e+03 8.435730520109e-01 3.406595049260e+03
2.790262172285e-01 4.597421063296e+03 8.515742173209e-01 3.369158681097e+03
2.802746566792e-01 4.561221589818e+03 8.595748448725e-01 3.332077981725e+03
2.815230961298e-01 4.525252529061e+03 8.675750180899e-01 3.295349718517e+03
2.827715355805e-01 4.489512385333e+03 8.755748210885e-01 3.258970688822e+03
2.840199750312e-01 4.453999679460e+03 8.835743372516e-01 3.222937726107e+03
2.852684144819e-01 4.418712954337e+03 8.915736479185e-01 3.187247705251e+03
2.865168539326e-01 4.383650779694e+03 8.995728311990e-01 3.151897546950e+03
2.877652933833e-01 4.348811756075e+03 9.075719609287e-01 3.116884221233e+03
2.890137328340e-01 4.314194518006e+03 9.155711057715e-01 3.082204750095e+03
2.902621722846e-01 4.279797736354e+03 9.235703284770e-01 3.047856209276e+03
2.915106117353e-01 4.245620119926e+03 9.315696852951e-01 3.013835729221e+03
2.927590511860e-01 4.211660416302e+03 9.395692255463e-01 2.980140495275e+03
2.940074906367e-01 4.177917411985e+03 9.475689913447e-01 2.946767747179e+03
2.952559300874e-01 4.144389931907e+03 9.555690174669e-01 2.913714777931e+03
2.965043695381e-01 4.111076838351e+03 9.635693313594e-01 2.880978932090e+03
2.977528089888e-01 4.077977029372e+03 9.715699532712e-01 2.848557603616e+03
2.990012484395e-01 4.045089436782e+03 9.795708965032e-01 2.816448233310e+03
3.002496878901e-01 4.012413023776e+03 9.875721677565e-01 2.784648305953e+03
3.014981273408e-01 3.979946782282e+03 9.955737675695e-01 2.753155347213e+03
3.027465667915e-01 3.947689730091e+03 1.003575690825e+00 2.721966920416e+03
3.039950062422e-01 3.915640907864e+03 1.011577927317e+00 2.691080623225e+03
3.052434456929e-01 3.883799376063e+03 1.019580462356e+00 2.660494084325e+03
3.064918851436e-01 3.852164211878e+03 1.027583277406e+00 2.630204960155e+03
3.077403245943e-01 3.820734506199e+03 1.035586350733e+00 2.600210931748e+03
3.089887640449e-01 3.789509360698e+03 1.043589658059e+00 2.570509701724e+03
3.102372034956e-01 3.758487885045e+03 1.051593173200e+00 2.541098991478e+03
3.114856429463e-01 3.727669194308e+03 1.059596868688e+00 2.511976538586e+03
3.127340823970e-01 3.697052406570e+03 1.067600716365e+00 2.483140094465e+03
3.139825218477e-01 3.666636640763e+03 1.075604687932e+00 2.454587422286e+03
3.152309612984e-01 3.636421014774e+03 1.083608755460e+00 2.426316295177e+03
3.164794007491e-01 3.606404643791e+03 1.091612891853e+00 2.398324494689e+03
3.177278401998e-01 3.576586638933e+03 1.099617071250e+00 2.370609809546e+03
3.189762796504e-01 3.546966106133e+03 1.107621269378e+00 2.343170034668e+03
3.202247191011e-01 3.517542145290e+03 1.115625463841e+00 2.316002970449e+03
3.214731585518e-01 3.488313849669e+03 1.123629634359e+00 2.289106422283e+03
3.227215980025e-01 3.459280305544e+03 1.131633762945e+00 2.262478200317e+03
3.239700374532e-01 3.430440592054e+03 1.139637834021e+00 2.236116119414e+03
3.252184769039e-01 3.401793781280e+03 1.147641834492e+00 2.210017999306e+03
3.264669163546e-01 3.373338938484e+03 1.155645753760e+00 2.184181664902e+03
3.277153558052e-01 3.345075122527e+03 1.163649583699e+00 2.158604946744e+03
3.289637952559e-01 3.317001386411e+03 1.171653318580e+00 2.133285681581e+03
3.302122347066e-01 3.289116777937e+03 1.179656954967e+00 2.108221713027e+03
3.314606741573e-01 3.261420340458e+03 1.187660491574e+00 2.083410892300e+03
3.327091136080e-01 3.233911113692e+03 1.195663929100e+00 2.058851078996e+03
3.339575530587e-01 3.206588134580e+03 1.203667270037e+00 2.034540141904e+03
3.352059925094e-01 3.179450438173e+03 1.211670518466e+00 2.010475959816e+03
3.364544319600e-01 3.152497058524e+03 1.219673679839e+00 1.986656422330e+03
3.377028714107e-01 3.125727029567e+03 1.227676760754e+00 1.963079430634e+03
3.389513108614e-01 3.099139385982e+03 1.235679768733e+00 1.939742898240e+03
3.401997503121e-01 3.072733164019e+03 1.243682711996e+00 1.916644751676e+03
3.414481897628e-01 3.046507402274e+03 1.251685599243e+00 1.893782931105e+03
3.426966292135e-01 3.020461142419e+03 1.259688439452e+00 1.871155390890e+03
3.439450686642e-01 2.994593429865e+03 1.267691241681e+00 1.848760100076e+03
3.451935081149e-01 2.968903314352e+03 1.275694014895e+00 1.826595042797e+03
3.464419475655e-01 2.943389850470e+03 1.283696767800e+00 1.804658218605e+03
3.476903870162e-01 2.918052098092e+03 1.291699508708e+00 1.782947642720e+03
3.489388264669e-01 2.892889122723e+03 1.299702245413e+00 1.761461346208e+03
3.501872659176e-01 2.867899995746e+03 1.307704985092e+00 1.740197376075e+03
3.514357053683e-01 2.843083794592e+03 1.315707734225e+00 1.719153795307e+03
3.526841448190e-01 2.818439602794e+03 1.323710498540e+00 1.698328682833e+03
3.539325842697e-01 2.793966509962e+03 1.331713282972e+00 1.677720133441e+03
3.551810237203e-01 2.769663611666e+03 1.339716091641e+00 1.657326257636e+03
3.564294631710e-01 2.745530009249e+03 1.347718927857e+00 1.637145181461e+03
3.576779026217e-01 2.721564809575e+03 1.355721794127e+00 1.617175046278e+03
3.589263420724e-01 2.697767124735e+03 1.363724692188e+00 1.597414008518e+03
3.601747815231e-01 2.674136071737e+03 1.371727623045e+00 1.577860239420e+03
3.614232209738e-01 2.650670772198e+03 1.379730587022e+00 1.558511924739e+03
3.626716604245e-01 2.627370352059e+03 1.387733583825e+00 1.539367264458e+03
3.639200998752e-01 2.604233941350e+03 1.395736612603e+00 1.520424472486e+03
3.651685393258e-01 2.581260674019e+03 1.403739672024e+00 1.501681776368e+03
3.664169787765e-01 2.558449687833e+03 1.411742760343e+00 1.483137416989e+03
3.676654182272e-01 2.535800124360e+03 1.419745875483e+00 1.464789648293e+03
3.689138576779e-01 2.513311129010e+03 1.427749015104e+00 1.446636737015e+03
3.701622971286e-01 2.490981851141e+03 1.435752176675e+00 1.428676962419e+03
3.714107365793e-01 2.468811444181e+03 1.443755357548e+00 1.410908616066e+03
3.726591760300e-01 2.446799065751e+03 1.451758555016e+00 1.393330001581e+03
3.739076154806e-01 2.424943877741e+03 1.459761766378e+00 1.375939434457e+03
3.751560549313e-01 2.403245046303e+03 1.467764988988e+00 1.358735241868e+03
3.764044943820e-01 2.381701741727e+03 1.475768220306e+00 1.341715762501e+03
3.776529338327e-01 2.360313138163e+03 1.483771457937e+00 1.324879346421e+03
3.789013732834e-01 2.339078413184e+03 1.491774699663e+00 1.308224354944e+03
3.801498127341e-01 2.317996747168e+03 1.499777943475e+00 1.291749160540e+03
3.813982521848e-01 2.297067322539e+03 1.507781187586e+00 1.275452146754e+03
3.826466916355e-01 2.276289322871e+03 1.515784430450e+00 1.259331708149e+03
3.838951310861e-01 2.255661931931e+03 1.523787670768e+00 1.243386250268e+03
3.851435705368e-01 2.235184332718e+03 1.531790907489e+00 1.227614189617e+03
3.863920099875e-01 2.214855706583e+03 1.539794139807e+00 1.212013953659e+03
3.876404494382e-01 2.194675232522e+03 1.547797367154e+00 1.196583980830e+03
3.888888888889e-01 2.174642086724e+03 1.555800589186e+00 1.181322720552e+03
3.901373283396e-01 2.154755442470e+03 1.563803805769e+00 1.166228633267e+03
3.913857677903e-01 2.135014470440e+03 1.571807016962e+00 1.151300190464e+03
3.926342072409e-01 2.115418339477e+03 1.579810222995e+00 1.136535874704e+03
3.938826466916e-01 2.095966217830e+03 1.587813424246e+00 1.121934179642e+03
3.951310861423e-01 2.076657274842e+03 1.595816621223e+00 1.107493610036e+03
3.963795255930e-01 2.057490683041e+03 1.603819814538e+00 1.093212681741e+03
3.976279650437e-01 2.038465620538e+03 1.611823004883e+00 1.079089921682e+03
3.988764044944e-01 2.019581273587e+03 1.619826193011e+00 1.065123867811e+03
4.001248439451e-01 2.000836839167e+03 1.627829379713e+00 1.051313069041e+03
4.013732833958e-01 1.982231527389e+03 1.635832565801e+00 1.037656085157e+03
4.026217228464e-01 1.963764563539e+03 1.643835752083e+00 1.024151486710e+03
4.038701622971e-01 1.945435189575e+03 1.651838939356e+00 1.010797854894e+03
4.051186017478e-01 1.927242664881e+03 1.659842128383e+00 9.975937814113e+02
4.063670411985e-01 1.909186266145e+03 1.667845319889e+00 9.845378683337e+02
4.076154806492e-01 1.891265286251e+03 1.675848514543e+00 9.716287279596e+02
4.088639200999e-01 1.873479032120e+03 1.683851712956e+00 9.588649826839e+02
4.101123595506e-01 1.855826821515e+03 1.691854915674e+00 9.462452648811e+02
4.113607990012e-01 1.838307978871e+03 1.699858123172e+00 9.337682168102e+02
4.126092384519e-01 1.820921830297e+03 1.707861335854e+00 9.214324905482e+02
4.138576779026e-01 1.803667697937e+03 1.715864554056e+00 9.092367479575e+02
4.151061173533e-01 1.786544893966e+03 1.723867778041e+00 8.971796606894e+02
4.163545568040e-01 1.769552714508e+03 1.731871008010e+00 8.852599102267e+02
4.176029962547e-01 1.752690433825e+03 1.739874244098e+00 8.734761879636e+02
4.188514357054e-01 1.735957299133e+03 1.747877486386e+00 8.618271953206e+02
4.200998751561e-01 1.719352526382e+03 1.755880734905e+00 8.503116438889e+02
4.213483146067e-01 1.702875297348e+03 1.763883989642e+00 8.389282555959e+02
4.225967540574e-01 1.686524758318e+03 1.771887250545e+00 8.276757628844e+02
4.238451935081e-01 1.670300020597e+03 1.779890517536e+00 8.165529088914e+02
4.250936329588e-01 1.654200163006e+03 1.787893790512e+00 8.055584476162e+02
4.263420724095e-01 1.638224236436e+03 1.795897069353e+00 7.946911440643e+02
4.275905118602e-01 1.622371270439e+03 1.803900353933e+00 7.839497743533e+02
4.288389513109e-01 1.606640281733e+03 1.811903644119e+00 7.733331257688e+02
4.300873907615e-01 1.591030284396e+03 1.819906939782e+00 7.628399967594e+02
4.313358302122e-01 1.575540301434e+03 1.827910240794e+00 7.524691968611e+02
4.325842696629e-01 1.560169377311e+03 1.835913547042e+00 7.422195465438e+02
4.338327091136e-01 1.544916590966e+03 1.843916858420e+00 7.320898769775e+02
4.350811485643e-01 1.529781068783e+03 1.851920174836e+00 7.220790297158e+02
4.363295880150e-01 1.514761996948e+03 1.859923496214e+00 7.121858563010e+02
4.375780274657e-01 1.499858632600e+03 1.867926822490e+00 7.024092177976e+02
4.388264669164e-01 1.485070313238e+03 1.875930153614e+00 6.927479842633e+02
4.400749063670e-01 1.470396463837e+03 1.883933489545e+00 6.832010341727e+02
4.413233458177e-01 1.455836601236e+03 1.891936830254e+00 6.737672538091e+02
4.425717852684e-01 1.441390335425e+03 1.899940175716e+00 6.644455366442e+02
4.438202247191e-01 1.427057367498e+03 1.907943525911e+00 6.552347827268e+02
4.450686641698e-01 1.412837484138e+03 1.915946880818e+00 6.461338981003e+02
4.463171036205e-01 1.398730548691e+03 1.923950240412e+00 6.371417942727e+02
4.475655430712e-01 1.384736488996e+03 1.931953604664e+00 6.282573877593e+02
4.488139825218e-01 1.370855282327e+03 1.939956973532e+00 6.194795997150e+02
4.500624219725e-01 1.357086937911e+03 1.947960346968e+00 6.108073556740e+02
4.513108614232e-01 1.343431477622e+03 1.955963724906e+00 6.022395854084e+02
4.525593008739e-01 1.329888915534e+03 1.963967107271e+00 5.937752229131e+02
4.538077403246e-01 1.316459237067e+03 1.971970493970e+00 5.854132065208e+02
4.550561797753e-01 1.303142378469e+03 1.979973884902e+00 5.771524791460e+02
4.563046192260e-01 1.289938207367e+03 1.987977279955e+00 5.689919886513e+02
4.575530586767e-01 1.276846505055e+03 1.995980679010e+00 5.609306883263e+02
4.588014981273e-01 1.263866951104e+03 2.003984081948e+00 5.529675374642e+02
4.600499375780e-01 1.250999110782e+03 2.011987488652e+00 5.451015020200e+02
4.612983770287e-01 1.238242425659e+03 2.019990899019e+00 5.373315553296e+02
4.625468164794e-01 1.225596207649e+03 2.027994312962e+00 5.296566788692e+02
4.637952559301e-01 1.213059636633e+03 2.035997730421e+00 5.220758630317e+02
4.650436953808e-01 1.200631761721e+03 2.044001151371e+00 5.145881078987e+02
4.662921348315e-01 1.188311506100e+03 2.052004575832e+00 5.071924239863e+02
4.675405742821e-01 1.176097675342e+03 2.060008003872e+00 4.998878329406e+02
4.687890137328e-01 1.163988968965e+03 2.068011435621e+00 4.926733681674e+02
4.700374531835e-01 1.151983994960e+03 2.076014871273e+00 4.855480753736e+02
4.712858926342e-01 1.140081286912e+03 2.084018311093e+00 4.785110130077e+02
4.725343320849e-01 1.128279323283e+03 2.092021755422e+00 4.715612525840e+02
4.737827715356e-01 1.116576548351e+03 2.100025204673e+00 4.646978788827e+02
4.750312109863e-01 1.104971394250e+03 2.108028659337e+00 4.579199900161e+02
4.762796504370e-01 1.093462303512e+03 2.116032119972e+00 4.512266973609e+02
4.775280898876e-01 1.082047751487e+03 2.124035587201e+00 4.446171253550e+02
4.787765293383e-01 1.070726268031e+03 2.132039061697e+00 4.380904111639e+02
4.800249687890e-01 1.059496457843e+03 2.140042544177e+00 4.316457042246e+02
4.812734082397e-01 1.048357018892e+03 2.148046035377e+00 4.252821656780e+02
4.825218476904e-01 1.037306758401e+03 2.156049536039e+00 4.189989677039e+02
4.837702871411e-01 1.026344605968e+03 2.164053046882e+00 4.127952927765e+02
4.850187265918e-01 1.015469623445e+03 2.172056568587e+00 4.066703328586e+02
4.862671660424e-01 1.004681011337e+03 2.180060101762e+00 4.006232885545e+02
4.875156054931e-01 9.939781115526e+02 2.188063646918e+00 3.946533682447e+02
4.887640449438e-01 9.833604064571e+02 2.196067204443e+00 3.887597872229e+02
4.900124843945e-01 9.728275142948e+02 2.204070774571e+00 3.829417668562e+02
4.912609238452e-01 9.623791811182e+02 2.212074357362e+00 3.771985337899e+02
4.925093632959e-01 9.520152694827e+02 2.220077952675e+00 3.715293192158e+02
4.937578027466e-01 9.417357442492e+02 2.228081560151e+00 3.659333582191e+02
4.950062421973e-01 9.315406559370e+02 2.236085179200e+00 3.604098892209e+02
4.962546816479e-01 9.214301221603e+02 2.244088808992e+00 3.549581535248e+02
4.975031210986e-01 9.114043077690e+02 2.252092448455e+00 3.495773949776e+02
4.987515605493e-01 9.014634043691e+02 2.260096096285e+00 3.442668597466e+02
5.000000000000e-01 8.916076099303e+02 2.268099750957e+00 3.390257962143e+02
5.012484394507e-01 8.818371091681e+02 2.276103410756e+00 3.338534549862e+02
5.024968789014e-01 8.721520553397e+02 2.284107073802e+00 3.287490890039e+02
5.037453183521e-01 8.625525539980e+02 2.292110738102e+00 3.237119537531e+02
5.049937578027e-01 8.530386491404e+02 2.300114401596e+00 3.187413075526e+02
5.062421972534e-01 8.436103120603e+02 2.308118062220e+00 3.138364119099e+02
5.074906367041e-01 8.342674330781e+02 2.316121717975e+00 3.089965319257e+02
5.087390761548e-01 8.250098162082e+02 2.324125366998e+00 3.042209367328e+02
5.099875156055e-01 8.158371766997e+02 2.332129007645e+00 2.995088999518e+02
5.112359550562e-01 8.067491412973e+02 2.340132638569e+00 2.948597001492e+02
5.124843945069e-01 7.977452509888e+02 2.348136258800e+00 2.902726212839e+02
5.137328339576e-01 7.888249659449e+02 2.356139867827e+00 2.857469531309e+02
5.149812734082e-01 7.799876723210e+02 2.364143465667e+00 2.812819916713e+02
5.162297128589e-01 7.712326905618e+02 2.372147052932e+00 2.768770394418e+02
5.174781523096e-01 7.625592848428e+02 2.380150630880e+00 2.725314058373e+02
5.187265917603e-01 7.539666732854e+02 2.388154201450e+00 2.682444073635e+02
5.199750312110e-01 7.454540385944e+02 2.396157767288e+00 2.640153678374e+02
5.212234706617e-01 7.370205387881e+02 2.404161331738e+00 2.598436185354e+02
5.224719101124e-01 7.286653177188e+02 2.412164898824e+00 2.557284982921e+02
5.237203495630e-01 7.203875151148e+02 2.420168473195e+00 2.516693535501e+02
5.249687890137e-01 7.121862759078e+02 2.428172060055e+00 2.476655383664e+02
5.262172284644e-01 7.040607586529e+02 2.436175665053e+00 2.437164143805e+02
5.274656679151e-01 6.960101428856e+02 2.444179294159e+00 2.398213507465e+02
5.287141073658e-01 6.880336353034e+02 2.452182953501e+00 2.359797240385e+02
5.299625468165e-01 6.801304747015e+02 2.460186649189e+00 2.321909181312e+02
5.312109862672e-01 6.722999356312e+02 2.468190387108e+00 2.284543240626e+02
5.324594257179e-01 6.645413307911e+02 2.476194172706e+00 2.247693398844e+02
5.337078651685e-01 6.568540121938e+02 2.484198010756e+00 2.211353705024e+02
5.349563046192e-01 6.492373711844e+02 2.492201905119e+00 2.175518275119e+02
5.362047440699e-01 6.416908374152e+02 2.500205858515e+00 2.140181290314e+02
5.374531835206e-01 6.342138769007e+02 2.508209872290e+00 2.105336995357e+02
5.387016229713e-01 6.268059892967e+02 2.516213946208e+00 2.070979696900e+02
5.399500624220e-01 6.194667045569e+02 2.524218078272e+00 2.037103761873e+02
5.411985018727e-01 6.121955791248e+02 2.532222264574e+00 2.003703615864e+02
5.424469413233e-01 6.049921918214e+02 2.540226499195e+00 1.970773741523e+02
5.436953807740e-01 5.978561395812e+02 2.548230774160e+00 1.938308676973e+02
5.449438202247e-01 5.907870331790e+02 2.556235079451e+00 1.906303014215e+02
5.461922596754e-01 5.837844930781e+02 2.564239403089e+00 1.874751397510e+02
5.474406991261e-01 5.768481455102e+02 2.572243731299e+00 1.843648521747e+02
5.486891385768e-01 5.699776188807e+02 2.580248048743e+00 1.812989130758e+02
5.499375780275e-01 5.631725405680e+02 2.588252338839e+00 1.782768015604e+02
5.511860174782e-01 5.564325341692e+02 2.596256584163e+00 1.752980012815e+02
5.524344569288e-01 5.497572172196e+02 2.604260766919e+00 1.723620002606e+02
5.536828963795e-01 5.431461993963e+02 2.612264869484e+00 1.694682907076e+02
5.549313358302e-01 5.365990811990e+02 2.620268875018e+00 1.666163688415e+02
5.561797752809e-01 5.301154530851e+02 2.628272768107e+00 1.638057347166e+02
5.574282147316e-01 5.236948950269e+02 2.636276535455e+00 1.610358920556e+02
5.586766541823e-01 5.173369764490e+02 2.644280166571e+00 1.583063480980e+02
5.599250936330e-01 5.110412564980e+02 2.652283654455e+00 1.556166134647e+02
5.611735330836e-01 5.048072845962e+02 2.660286996251e+00 1.529662020487e+02
5.624219725343e-01 4.986346012291e+02 2.668290193830e+00 1.503546309339e+02
5.636704119850e-01 4.925227389205e+02 2.676293254289e+00 1.477814203496e+02
5.649188514357e-01 4.864712233518e+02 2.684296190340e+00 1.452460936648e+02
5.661672908864e-01 4.804795745885e+02 2.692299020544e+00 1.427481774271e+02
5.674157303371e-01 4.745473083815e+02 2.700301769390e+00 1.402872014475e+02
5.686641697878e-01 4.686739375181e+02 2.708304467174e+00 1.378626989355e+02
5.699126092385e-01 4.628589732023e+02 2.716307149675e+00 1.354742066820e+02
5.711610486891e-01 4.571019264493e+02 2.724309857614e+00 1.331212652894e+02
5.724094881398e-01 4.514023094836e+02 2.732312635884e+00 1.308034194452e+02
5.736579275905e-01 4.457596371304e+02 2.740315532553e+00 1.285202182328e+02
5.749063670412e-01 4.401734281942e+02 2.748318597653e+00 1.262712154725e+02
5.761548064919e-01 4.346432068140e+02 2.756321881776e+00 1.240559700817e+02
5.774032459426e-01 4.291685037870e+02 2.764325434488e+00 1.218740464445e+02
5.786516853933e-01 4.237488578454e+02 2.772329302617e+00 1.197250147780e+02
5.799001248439e-01 4.183838168688e+02 2.780333528440e+00 1.176084514804e+02
5.811485642946e-01 4.130729390101e+02 2.788338147831e+00 1.155239394489e+02
5.823970037453e-01 4.078157937059e+02 2.796343188426e+00 1.134710683525e+02
5.836454431960e-01 4.026119625399e+02 2.804348667861e+00 1.114494348478e+02
5.848938826467e-01 3.974610399220e+02 2.812354592159e+00 1.094586427237e+02
5.861423220974e-01 3.923626335430e+02 2.820360954322e+00 1.074983029675e+02
5.873907615481e-01 3.873163645640e+02 2.828367733201e+00 1.055680337429e+02
5.886392009988e-01 3.823218674996e+02 2.836374892708e+00 1.036674602746e+02
5.898876404494e-01 3.773787897574e+02 2.844382381419e+00 1.017962146371e+02
5.911360799001e-01 3.724867908007e+02 2.852390132620e+00 9.995393544830e+01
5.923845193508e-01 3.676455409118e+02 2.860398064839e+00 9.814026747105e+01
5.936329588015e-01 3.628547195430e+02 2.868406082875e+00 9.635486112972e+01
5.948813982522e-01 3.581140132595e+02 2.876414079347e+00 9.459737195105e+01
5.961298377029e-01 3.534231132959e+02 2.884421936747e+00 9.286745994178e+01
5.973782771536e-01 3.487817127691e+02 2.892429529970e+00 9.116478891804e+01
5.986267166042e-01 3.441895036162e+02 2.900436729288e+00 8.948902580330e+01
5.998751560549e-01 3.396461733489e+02 2.908443403687e+00 8.783983991369e+01
6.011235955056e-01 3.351514017443e+02 2.916449424513e+00 8.621690225048e+01
6.023720349563e-01 3.307048576128e+02 2.924454669301e+00 8.461988482040e+01
6.036204744070e-01 3.263061958077e+02 2.932459025711e+00 8.304846000440e+01
6.048689138577e-01 3.219550546541e+02 2.940462395429e+00 8.150229999518e+01
6.061173533084e-01 3.176510539835e+02 2.948464697914e+00 7.998107632252e+01
6.073657927591e-01 3.133937939599e+02 2.956465873875e+00 7.848445948378e+01
6.086142322097e-01 3.091828548729e+02 2.964465888340e+00 7.701211869442e+01
6.098626716604e-01 3.050177980522e+02 2.972464733202e+00 7.556372177004e+01
6.111111111111e-01 3.008981680285e+02 2.980462429140e+00 7.413893514768e+01
6.123595505618e-01 2.968234960201e+02 2.988459026825e+00 7.273742404914e+01
6.136079900125e-01 2.927933047764e+02 2.996454607332e+00 7.135885278385e+01
6.148564294632e-01 2.888071147404e+02 3.004449281733e+00 7.000288518279e+01
6.161048689139e-01 2.848644514067e+02 3.012443189830e+00 6.866918514904e+01
6.173533083645e-01 2.809648536495e+02 3.020436498060e+00 6.735741730474e+01
6.186017478152e-01 2.771078826442e+02 3.028429396604e+00 6.606724770929e+01
6.198501872659e-01 2.732931308356e+02 3.036422095758e+00 6.479834462009e+01
6.210986267166e-01 2.695202301807e+02 3.044414821667e+00 6.355037926595e+01
6.223470661673e-01 2.657888586689e+02 3.052407811515e+00 6.232302660434e+01
6.235955056180e-01 2.620987439135e+02 3.060401308294e+00 6.111596603706e+01
6.248439450687e-01 2.584496624951e+02 3.068395555281e+00 5.992888206542e+01
6.260923845194e-01 2.548414337865e+02 3.076390790341e+00 5.876146487303e+01
6.273408239700e-01 2.512739072562e+02 3.084387240228e+00 5.761341083261e+01
6.285892634207e-01 2.477469427453e+02 3.092385115024e+00 5.648442294015e+01
6.298377028714e-01 2.442603839023e+02 3.100384602899e+00 5.537421118525e+01
6.310861423221e-01 2.408140257485e+02 3.108385865377e+00 5.428249286990e+01
6.323345817728e-01 2.374075781545e+02 3.116389033341e+00 5.320899288849e+01
6.335830212235e-01 2.340406278411e+02 3.124394203963e+00 5.215344397927e+01
6.348314606742e-01 2.307126024784e+02 3.132401438781e+00 5.111558695222e+01
6.360799001248e-01 2.274227416933e+02 3.140410763095e+00 5.009517088946e+01
6.373283395755e-01 2.241700813086e+02 3.148422166847e+00 4.909195330044e+01
6.385767790262e-01 2.209534586237e+02 3.156435607035e+00 4.810570018932e+01
6.398252184769e-01 2.177715473805e+02 3.164451011700e+00 4.713618596051e+01
6.410736579276e-01 2.146229303452e+02 3.172468285434e+00 4.618319305906e+01
6.423220973783e-01 2.115062141255e+02 3.180487316418e+00 4.524651122023e+01
6.435705368290e-01 2.084201840488e+02 3.188507984888e+00 4.432593618611e+01
6.448189762797e-01 2.053639865094e+02 3.196530172802e+00 4.342126775919e+01
6.460674157303e-01 2.023373135319e+02 3.204553774611e+00 4.253230715479e+01
6.473158551810e-01 1.993405518177e+02 3.212578709224e+00 4.165885377831e+01
6.485642946317e-01 1.963748477186e+02 3.220604932903e+00 4.080070170732e+01
6.498127340824e-01 1.934420371086e+02 3.228632452259e+00 3.995763627917e+01
6.510611735331e-01 1.905444192205e+02 3.236661337037e+00 3.912943133299e+01
6.523096129838e-01 1.876844197370e+02 3.244691732559e+00 3.831584772385e+01
6.535580524345e-01 1.848642331963e+02 3.252723870155e+00 3.751663350468e+01
6.548064918851e-01 1.820855153076e+02 3.260758073522e+00 3.673152579128e+01
6.560549313358e-01 1.793491695529e+02 3.268794761312e+00 3.596025407733e+01
6.573033707865e-01 1.766552598962e+02 3.276834444584e+00 3.520254457246e+01
6.585518102372e-01 1.740029902765e+02 3.284877716474e+00 3.445812503574e+01
6.598002496879e-01 1.713907173801e+02 3.292925234935e+00 3.372672978392e+01
6.610486891386e-01 1.688159992679e+02 3.300977698235e+00 3.300810477835e+01
6.622971285893e-01 1.662756875790e+02 3.309035812636e+00 3.230201265593e+01
6.635455680400e-01 1.637660791397e+02 3.317100253024e+00 3.160823741973e+01
6.647940074906e-01 1.612831427430e+02 3.325171617782e+00 3.092658841375e+01
6.660424469413e-01 1.588228257923e+02 3.333250379247e+00 3.025690320696e+01
6.672908863920e-01 1.563814255750e+02 3.341336830738e+00 2.959904908329e+01
6.685393258427e-01 1.539559858052e+02 3.349431030225e+00 2.895292297561e+01
6.697877652934e-01 1.515446596774e+02 3.357532739527e+00 2.831844995789e+01
6.710362047441e-01 1.491469726672e+02 3.365641357171e+00 2.769558084462e+01
6.722846441948e-01 1.467639283513e+02 3.373755840994e+00 2.708428985061e+01
6.735330836454e-01 1.443979219433e+02 3.381874611457e+00 2.648457344211e+01
6.747815230961e-01 1.420524512858e+02 3.389995424384e+00 2.589645165762e+01
6.760299625468e-01 1.397317384540e+02 3.398115201214e+00 2.531997332833e+01
6.772784019975e-01 1.374403960930e+02 3.406229797229e+00 2.475522632663e+01
6.785268414482e-01 1.351831830709e+02 3.414333691247e+00 2.420235326831e+01
6.797752808989e-01 1.329648629602e+02 3.422419594936e+00 2.366157238667e+01
6.810237203496e-01 1.307901622643e+02 3.430477993641e+00 2.313320196109e+01
6.822721598002e-01 1.286637924888e+02 3.438496642206e+00 2.261768396924e+01
6.835205992509e-01 1.265904827841e+02 3.446460081082e+00 2.211560077465e+01
6.847690387016e-01 1.245750054035e+02 3.454349334644e+00 2.162768042003e+01
6.860174781523e-01 1.226223315693e+02 3.462141986778e+00 2.115478588125e+01
6.872659176030e-01 1.207374537356e+02 3.469812709868e+00 2.069787652953e+01
6.885143570537e-01 1.189249097687e+02 3.477334346747e+00 2.025793118182e+01
6.897627965044e-01 1.171883098393e+02 3.484679716270e+00 1.983584205712e+01
6.910112359551e-01 1.155297758313e+02 3.491823964721e+00 1.943230419263e+01
6.922596754057e-01 1.139496523700e+02 3.498746012352e+00 1.904774752322e+01
6.935081148564e-01 1.124472026525e+02 3.505426524991e+00 1.868246820097e+01
6.947565543071e-01 1.110232741503e+02 3.511838625943e+00 1.833722377919e+01
6.960049937578e-01 1.096853477653e+02 3.517924987512e+00 1.801437873111e+01
6.972534332085e-01 1.084547269742e+02 3.523561516425e+00 1.771943308531e+01
6.985018726592e-01 1.073738908053e+02 3.528529427170e+00 1.746244495046e+01
6.997503121099e-01 1.065050449031e+02 3.532529787068e+00 1.725754615103e+01
7.009987515605e-01 1.059069428204e+02 3.535273948257e+00 1.711787608636e+01
7.022471910112e-01 1.055888941445e+02 3.536694483613e+00 1.704548495650e+01
7.034956304619e-01 1.054639612863e+02 3.537166708908e+00 1.702081945957e+01
7.047440699126e-01 1.054225664058e+02 3.537178173004e+00 1.701924197937e+01
7.059925093633e-01 1.054242274255e+02 3.536911099765e+00 1.703159185262e+01
7.072409488140e-01 1.054494224181e+02 3.536460937117e+00 1.705311563491e+01
7.084893882647e-01 1.054757752632e+02 3.535945541711e+00 1.707797624518e+01
7.097378277154e-01 1.054786868469e+02 3.535500963868e+00 1.709941486828e+01
7.109862671660e-01 1.054420416218e+02 3.535230977575e+00 1.711223936377e+01
7.122347066167e-01 1.053719696483e+02 3.535145285841e+00 1.711592907681e+01
7.134831460674e-01 1.052953938273e+02 3.535168554166e+00 1.711420825845e+01
7.147315855181e-01 1.052345469782e+02 3.535256359937e+00 1.710925725940e+01
7.159800249688e-01 1.052079316752e+02 3.535386822757e+00 1.710217695746e+01
7.172284644195e-01 1.052312386409e+02 3.535536584831e+00 1.709420926286e+01
7.184769038702e-01 1.053053268484e+02 3.535682019834e+00 1.708664139900e+01
7.197253433208e-01 1.054145927247e+02 3.535803334844e+00 1.708050167389e+01
7.209737827715e-01 1.055321060925e+02 3.535888790960e+00 1.707629112072e+01
7.222222222222e-01 1.056292873376e+02 3.535938470360e+00 1.707394664781e+01
7.234706616729e-01 1.056854412408e+02 3.535962633667e+00 1.707291506985e+01
7.247191011236e-01 1.056945315157e+02 3.535973158807e+00 1.707256182511e+01
7.259675405743e-01 1.056655983793e+02 3.535975069219e+00 1.707261484641e+01
7.272159800250e-01 1.056108369437e+02 3.535969150601e+00 1.707305042286e+01
7.284644194757e-01 1.055415718773e+02 3.535954317958e+00 1.707399306752e+01
7.297128589263e-01 1.054708272130e+02 3.535929731080e+00 1.707566049484e+01
7.309612983770e-01 1.054133456743e+02 3.535895540691e+00 1.707814803947e+01
7.322097378277e-01 1.053822056042e+02 3.535852795677e+00 1.708121501511e+01
7.334581772784e-01 1.053812471325e+02 3.535805925505e+00 1.708434400620e+01
7.347066167291e-01 1.053994064709e+02 3.535763332918e+00 1.708692263734e+01
7.359550561798e-01 1.054250623242e+02 3.535734793935e+00 1.708852163285e+01
7.372034956305e-01 1.054525289141e+02 3.535722854749e+00 1.708919124815e+01
7.384519350811e-01 1.054767578719e+02 3.535719021769e+00 1.708941473929e+01
7.397003745318e-01 1.054922719675e+02 3.535717881025e+00 1.708948282869e+01
7.409488139825e-01 1.054941655074e+02 3.535717781356e+00 1.708948555374e+01
7.421972534332e-01 1.054742486192e+02 3.535718025805e+00 1.708945946915e+01
7.434456928839e-01 1.054151612102e+02 3.535718227237e+00 1.708941973148e+01
7.446941323346e-01 1.053112832518e+02 3.535717834024e+00 1.708937651488e+01
7.459425717853e-01 1.051652558579e+02 3.535716317894e+00 1.708930893455e+01
7.471910112360e-01 1.049722856232e+02 3.535713500346e+00 1.708918819667e+01
7.484394506866e-01 1.047138104266e+02 3.535709688885e+00 1.708901843200e+01
7.496878901373e-01 1.043611920566e+02 3.535705589012e+00 1.708882221909e+01
7.509363295880e-01 1.038796918344e+02 3.535702031846e+00 1.708862807387e+01
7.521847690387e-01 1.032099637268e+02 3.535699703158e+00 1.708845236067e+01
7.534332084894e-01 1.021966002358e+02 3.535698163987e+00 1.708830015592e+01
7.546816479401e-01 1.004081240129e+02 3.535695743363e+00 1.708812242020e+01
7.559300873908e-01 9.658641600349e+01 3.535689522194e+00 1.708778670539e+01
7.571785268414e-01 8.807472205154e+01 3.535679054732e+00 1.708729176669e+01
7.584269662921e-01 7.389304768350e+01 3.535668013269e+00 1.708687474029e+01
7.596754057428e-01 5.593547513021e+01 3.535661382897e+00 1.708669776257e+01
7.609238451935e-01 3.767123347937e+01 3.535658987489e+00 1.708665866276e+01
7.621722846442e-01 2.264233917780e+01 3.535657704070e+00 1.708664678809e+01
7.634207240949e-01 1.302941305215e+01 3.535656873565e+00 1.708664094207e+01
7.646691635456e-01 8.512569423348e+00 3.535656351640e+00 1.708663809801e+01
7.659176029963e-01 6.582710123320e+00 3.535656368339e+00 1.708664052037e+01
7.671660424469e-01 5.596899691164e+00 3.535657076407e+00 1.708664913658e+01
7.684144818976e-01 5.056151872333e+00 3.535658468424e+00 1.708666314307e+01
7.696629213483e-01 4.758917214709e+00 3.535660401085e+00 1.708668107780e+01
7.709113607990e-01 4.607740041452e+00 3.535662645154e+00 1.708670072190e+01
7.721598002497e-01 4.538349799729e+00 3.535664931048e+00 1.708671966409e+01
7.734082397004e-01 4.507906672830e+00 3.535667066965e+00 1.708673626257e+01
7.746566791511e-01 4.495210441574e+00 3.535668995978e+00 1.708675027200e+01
7.759051186017e-01 4.490642862639e+00 3.535670760878e+00 1.708676239611e+01
7.771535580524e-01 4.489738320106e+00 3.535672423231e+00 1.708677339381e+01
7.784019975031e-01 4.490614726977e+00 3.535674007885e+00 1.708678357492e+01
7.796504369538e-01 4.492449484675e+00 3.535675501386e+00 1.708679285621e+01
7.808988764045e-01 4.494481139783e+00 3.535676878450e+00 1.708680105965e+01
7.821473158552e-01 4.495894219657e+00 3.535678122780e+00 1.708680812508e+01
7.833957553059e-01 4.496260314956e+00 3.535679231436e+00 1.708681416370e+01
7.846441947566e-01 4.495693916961e+00 3.535680209900e+00 1.708681941836e+01
7.858926342072e-01 4.494548192167e+00 3.535681065891e+00 1.708682416157e+01
7.871410736579e-01 4.493097678434e+00 3.535681804066e+00 1.708682854040e+01
7.883895131086e-01 4.491561124836e+00 3.535682420442e+00 1.708683244328e+01
7.896379525593e-01 4.490101930138e+00 3.535682896435e+00 1.708683548986e+01
7.908863920100e-01 4.488836107053e+00 3.535683194557e+00 1.708683713778e+01
7.921348314607e-01 4.487831645468e+00 3.535683255331e+00 1.708683674090e+01
7.933832709114e-01 4.487104182896e+00 3.535682960754e+00 1.708683309590e+01
7.946317103620e-01 4.486620603721e+00 3.535682192001e+00 1.708682487987e+01
7.958801498127e-01 4.486314653299e+00 3.535680983032e+00 1.708681228371e+01
7.971285892634e-01 4.486110840814e+00 3.535679469839e+00 1.708679664629e+01
7.983770287141e-01 4.485949143950e+00 3.535677826477e+00 1.708677977911e+01
7.996254681648e-01 4.485795789662e+00 3.535676204901e+00 1.708676332399e+01
8.008739076155e-01 4.485639291519e+00 3.535674696171e+00 1.708674831062e+01
8.021223470662e-01 4.485480941863e+00 3.535673325437e+00 1.708673503953e+01
8.033707865169e-01 4.485325520732e+00 3.535672073147e+00 1.708672330816e+01
8.046192259675e-01 4.485175615480e+00 3.535670906317e+00 1.708671276552e+01
8.058676654182e-01 4.485030179022e+00 3.535669802569e+00 1.708670313859e+01
8.071161048689e-01 4.484885926404e+00 3.535668757211e+00 1.708669425073e+01
8.083645443196e-01 4.484739562172e+00 3.535667775013e+00 1.708668596710e+01
8.096129837703e-01 4.484589376654e+00 3.535666858487e+00 1.708667822713e+01
8.108614232210e-01 4.484435724738e+00 3.535666006770e+00 1.708667115567e+01
8.121098626717e-01 4.484280656457e+00 3.535665228666e+00 1.708666511211e+01
8.133583021223e-01 4.484127225069e+00 3.535664556978e+00 1.708666061056e+01
8.146067415730e-01 4.483978840851e+00 3.535664047779e+00 1.708665821394e+01
8.158551810237e-01 4.483838744697e+00 3.535663768025e+00 1.708665855050e+01
8.171036204744e-01 4.483709531892e+00 3.535663810609e+00 1.708666261473e+01
8.183520599251e-01 4.483592818900e+00 3.535664420762e+00 1.708667295756e+01
8.196004993758e-01 4.483488618158e+00 3.535665910641e+00 1.708669257532e+01
8.208489388265e-01 4.483394794184e+00 3.535668377138e+00 1.708672207594e+01
8.220973782772e-01 4.483307760403e+00 3.535671727054e+00 1.708676038322e+01
8.233458177278e-01 4.483223710889e+00 3.535675739906e+00 1.708680563997e+01
8.245942571785e-01 4.483139916052e+00 3.535680146542e+00 1.708685566093e+01
8.258426966292e-01 4.483055658504e+00 3.535684709898e+00 1.708690819230e+01
8.270911360799e-01 4.482972509106e+00 3.535689268143e+00 1.708696134149e+01
8.283395755306e-01 4.482893840938e+00 3.535693729310e+00 1.708701408142e+01
8.295880149813e-01 4.482823718053e+00 3.535698054427e+00 1.708706629770e+01
8.308364544320e-01 4.482765558719e+00 3.535702258583e+00 1.708711817297e+01
8.320848938826e-01 4.482721122436e+00 3.535706403325e+00 1.708716951073e+01
8.333333333333e-01 4.482690218113e+00 3.535710540762e+00 1.708721976987e+01
8.345817727840e-01 4.482671101833e+00 3.535714640242e+00 1.708726867904e+01
8.358302122347e-01 4.482661169201e+00 3.535718585790e+00 1.708731646560e+01
8.370786516854e-01 4.482657580770e+00 3.535722266768e+00 1.708736326078e+01
8.383270911361e-01 4.482657760716e+00 3.535725659277e+00 1.708740853496e+01
8.395755305868e-01 4.482659808427e+00 3.535728793952e+00 1.708745154274e+01
8.408239700375e-01 4.482662690576e+00 3.535731658889e+00 1.708749229027e+01
8.420724094881e-01 4.482666049360e+00 3.535734190359e+00 1.708753152174e+01
8.433208489388e-01 4.482669730182e+00 3.535736385054e+00 1.708756945296e+01
8.445692883895e-01 4.482673442524e+00 3.535738370907e+00 1.708760497690e+01
8.458177278402e-01 4.482676866880e+00 3.535740289062e+00 1.708763686167e+01
8.470661672909e-01 4.482679953896e+00 3.535742108854e+00 1.708766566314e+01
8.483146067416e-01 4.482682864422e+00 3.535743643825e+00 1.708769357055e+01
8.495630461923e-01 4.482685482243e+00 3.535744794042e+00 1.708772189981e+01
8.508114856429e-01 4.482687138700e+00 3.535745694900e+00 1.708774953835e+01
8.520599250936e-01 4.482687092481e+00 3.535746519306e+00 1.708777500285e+01
8.533083645443e-01 4.482685244439e+00 3.535747205454e+00 1.708779927336e+01
8.545568039950e-01 4.482682179188e+00 3.535747538077e+00 1.708782492053e+01
8.558052434457e-01 4.482678538661e+00 3.535747524933e+00 1.708785221811e+01
8.570536828964e-01 4.482674650744e+00 3.535747539810e+00 1.708787773053e+01
8.583021223471e-01 4.482671052853e+00 3.535747885909e+00 1.708789873266e+01
8.595505617978e-01 4.482668953572e+00 3.535748357574e+00 1.708791757495e+01
8.607990012484e-01 4.482669637862e+00 3.535748447283e+00 1.708793965038e+01
8.620474406991e-01 4.482673292808e+00 3.535747967603e+00 1.708796691339e+01
8.632958801498e-01 4.482678456656e+00 3.535747419317e+00 1.708799362486e+01
8.645443196005e-01 4.482683946550e+00 3.535747197141e+00 1.708801505114e+01
8.657927590512e-01 4.482690428317e+00 3.535746928756e+00 1.708803524519e+01
8.670411985019e-01 4.482699282997e+00 3.535745943301e+00 1.708806110584e+01
8.682896379526e-01 4.482710418216e+00 3.535744338248e+00 1.708809117238e+01
8.695380774032e-01 4.482722084492e+00 3.535743306880e+00 1.708811507661e+01
8.707865168539e-01 4.482734150167e+00 3.535743190107e+00 1.708813094775e+01
8.720349563046e-01 4.482748306281e+00 3.535742994679e+00 1.708814653437e+01
8.732833957553e-01 4.482766671643e+00 3.535742037607e+00 1.708817189071e+01
8.745318352060e-01 4.482790404975e+00 3.535740865423e+00 1.708821120605e+01
8.757802746567e-01 4.482817311657e+00 3.535740902959e+00 1.708824994186e+01
8.770287141074e-01 4.482848350035e+00 3.535742989756e+00 1.708829073386e+01
8.782771535581e-01 4.482893373893e+00 3.535749762489e+00 1.708838268248e+01
8.795255930087e-01 4.482954997036e+00 3.535759624802e+00 1.708853477294e+01
8.807740324594e-01 4.483028422785e+00 3.535769965274e+00 1.708871997449e+01
8.820224719101e-01 4.483131624855e+00 3.535796409894e+00 1.708903487949e+01
8.832709113608e-01 4.483259842414e+00 3.535836724305e+00 1.708944974105e+01
8.845193508115e-01 4.483343424096e+00 3.535849862443e+00 1.708959533985e+01
8.857677902622e-01 4.483207583642e+00 3.535743413638e+00 1.708855035927e+01
8.870162297129e-01 4.481689794982e+00 3.534918382273e+00 1.708012280015e+01
8.882646691635e-01 4.471651674576e+00 3.529705998725e+00 1.702633324142e+01
8.895131086142e-01 4.410707773076e+00 3.498098240005e+00 1.670218579010e+01
8.907615480649e-01 3.979311288272e+00 3.272270455720e+00 1.451515445561e+01
8.920099875156e-01 2.246714406119e+00 2.068707382723e+00 6.506514475610e+00
8.932584269663e-01 1.181182885700e+00 4.338118660693e-01 1.703533308434e+00
8.945068664170e-01 1.024356497617e+00 5.048844026976e-02 1.067623591112e+00
8.957553058677e-01 1.002707416784e+00 4.687416115224e-03 1.005836638599e+00
8.970037453184e-01 1.000273468844e+00 4.165906299205e-04 1.000503997879e+00
8.982521847690e-01 1.000026214350e+00 3.670537724180e-05 1.000043863107e+00
8.995006242197e-01 1.000002434930e+00 3.225042088375e-06 1.000003832960e+00
9.007490636704e-01 1.000000221687e+00 2.829493153276e-07 1.000000335473e+00
9.019975031211e-01 1.000000019929e+00 2.479419847709e-08 1.000000029391e+00
9.032459425718e-01 1.000000001779e+00 2.165909500520e-09 1.000000002588e+00
9.044943820225e-01 1.000000000151e+00 1.950028680057e-10 1.000000000232e+00
9.057428214732e-01 1.000000000018e+00 2.868839838228e-11 1.000000000034e+00
9.069912609238e-01 1.000000000012e+00 1.443251913254e-11 1.000000000017e+00
9.082397003745e-01 1.000000000002e+00 2.131957811740e-12 1.000000000003e+00
9.094881398252e-01 9.999999999995e-01 -4.617473924300e-13 9.999999999994e-01
9.107365792759e-01 1.000000000000e+00 9.956185304096e-14 1.000000000000e+00
9.119850187266e-01 1.000000000000e+00 6.762246472742e-14 1.000000000000e+00
9.132334581773e-01 1.000000000000e+00 -1.486420919686e-14 1.000000000000e+00
9.144818976280e-01 1.000000000000e+00 -3.686094015113e-15 1.000000000000e+00
9.157303370787e-01 1.000000000000e+00 1.782536925206e-15 1.000000000000e+00
9.169787765293e-01 1.000000000000e+00 -5.632736985795e-17 1.000000000000e+00
9.182272159800e-01 1.000000000000e+00 -1.724736766046e-16 1.000000000000e+00
9.194756554307e-01 1.000000000000e+00 1.933419665534e-17 1.000000000000e+00
9.207240948814e-01 1.000000000000e+00 -4.431302493089e-18 1.000000000000e+00
9.219725343321e-01 1.000000000000e+00 -1.266088112481e-18 1.000000000000e+00
9.232209737828e-01 1.000000000000e+00 0.000000000000e+00 1.000000000000e+00
9.244694132335e-01 1.000000000000e+00 0.000000000000e+00 1.000000000000e+00
9.257178526841e-01 1.000000000000e+00 0.000000000000e+00 1.000000000000e+00
9.269662921348e-01 1.000000000000e+00 0.000000000000e+00 1.000000000000e+00
9.282147315855e-01 1.000000000000e+00 0.000000000000e+00 1.000000000000e+00
9.294631710362e-01 1.000000000000e+00 0.000000000000e+00 1.000000000000e+00
9.307116104869e-01 1.000000000000e+00 0.000000000000e+00 1.000000000000e+00
9.319600499376e-01 1.000000000000e+00 0.000000000000e+00 1.000000000000e+00
9.332084893883e-01 1.000000000000e+00 0.000000000000e+00 1.000000000000e+00
9.344569288390e-01 1.000000000000e+00 0.000000000000e+00 1.000000000000e+00
9.357053682896e-01 1.000000000000e+00 0.000000000000e+00 1.000000000000e+00
9.369538077403e-01 1.000000000000e+00 0.000000000000e+00 1.000000000000e+00
9.382022471910e-01 1.000000000000e+00 0.000000000000e+00 1.000000000000e+00
9.394506866417e-01 1.000000000000e+00 0.000000000000e+00 1.000000000000e+00
9.406991260924e-01 1.000000000000e+00 0.000000000000e+00 1.000000000000e+00
9.419475655431e-01 1.000000000000e+00 0.000000000000e+00 1.000000000000e+00
9.431960049938e-01 1.000000000000e+00 0.000000000000e+00 1.000000000000e+00
9.444444444444e-01 1.000000000000e+00 0.000000000000e+00 1.000000000000e+00
9.456928838951e-01 1.000000000000e+00 0.000000000000e+00 1.000000000000e+00
9.469413233458e-01 1.000000000000e+00 0.000000000000e+00 1.000000000000e+00
9.481897627965e-01 1.000000000000e+00 0.000000000000e+00 1.000000000000e+00
9.494382022472e-01 1.000000000000e+00 0.000000000000e+00 1.000000000000e+00
9.506866416979e-01 1.000000000000e+00 0.000000000000e+00 1.000000000000e+00
9.519350811486e-01 1.000000000000e+00 0.000000000000e+00 1.000000000000e+00
9.531835205993e-01 1.000000000000e+00 0.000000000000e+00 1.000000000000e+00
9.544319600499e-01 1.000000000000e+00 0.000000000000e+00 1.000000000000e+00
9.556803995006e-01 1.000000000000e+00 0.000000000000e+00 1.000000000000e+00
9.569288389513e-01 1.000000000000e+00 0.000000000000e+00 1.000000000000e+00
9.581772784020e-01 1.000000000000e+00 0.000000000000e+00 1.000000000000e+00
9.594257178527e-01 1.000000000000e+00 0.000000000000e+00 1.000000000000e+00
9.606741573034e-01 1.000000000000e+00 0.000000000000e+00 1.000000000000e+00
9.619225967541e-01 1.000000000000e+00 0.000000000000e+00 1.000000000000e+00
9.631710362047e-01 1.000000000000e+00 0.000000000000e+00 1.000000000000e+00
9.644194756554e-01 1.000000000000e+00 0.000000000000e+00 1.000000000000e+00
9.656679151061e-01 1.000000000000e+00 0.000000000000e+00 1.000000000000e+00
9.669163545568e-01 1.000000000000e+00 0.000000000000e+00 1.000000000000e+00
9.681647940075e-01 1.000000000000e+00 0.000000000000e+00 1.000000000000e+00
9.694132334582e-01 1.000000000000e+00 0.000000000000e+00 1.000000000000e+00
9.706616729089e-01 1.000000000000e+00 0.000000000000e+00 1.000000000000e+00
9.719101123596e-01 1.000000000000e+00 0.000000000000e+00 1.000000000000e+00
9.731585518102e-01 1.000000000000e+00 0.000000000000e+00 1.000000000000e+00
9.744069912609e-01 1.000000000000e+00 0.000000000000e+00 1.000000000000e+00
9.756554307116e-01 1.000000000000e+00 0.000000000000e+00 1.000000000000e+00
9.769038701623e-01 1.000000000000e+00 0.000000000000e+00 1.000000000000e+00
9.781523096130e-01 1.000000000000e+00 0.000000000000e+00 1.000000000000e+00
9.794007490637e-01 1.000000000000e+00 0.000000000000e+00 1.000000000000e+00
9.806491885144e-01 1.000000000000e+00 0.000000000000e+00 1.000000000000e+00
9.818976279650e-01 1.000000000000e+00 0.000000000000e+00 1.000000000000e+00
9.831460674157e-01 1.000000000000e+00 0.000000000000e+00 1.000000000000e+00
9.843945068664e-01 1.000000000000e+00 0.000000000000e+00 1.000000000000e+00
9.856429463171e-01 1.000000000000e+00 0.000000000000e+00 1.000000000000e+00
9.868913857678e-01 1.000000000000e+00 0.000000000000e+00 1.000000000000e+00
9.881398252185e-01 1.000000000000e+00 0.000000000000e+00 1.000000000000e+00
9.893882646692e-01 1.000000000000e+00 0.000000000000e+00 1.000000000000e+00
9.906367041199e-01 1.000000000000e+00 0.000000000000e+00 1.000000000000e+00
9.918851435705e-01 1.000000000000e+00 0.000000000000e+00 1.000000000000e+00
9.931335830212e-01 1.000000000000e+00 0.000000000000e+00 1.000000000000e+00
9.943820224719e-01 1.000000000000e+00 0.000000000000e+00 1.000000000000e+00
9.956304619226e-01 1.000000000000e+00 0.000000000000e+00 1.000000000000e+00
9.968789013733e-01 1.000000000000e+00 0.000000000000e+00 1.000000000000e+00
9.981273408240e-01 1.000000000000e+00 0.000000000000e+00 1.000000000000e+00
9.993757802747e-01 1.000000000000e+00 0.000000000000e+00 1.000000000000e+00
